382.998
4
3
13 8 11 1 
2 5 3 4 
2.04 0.69 1.4 0.46 1 3 1 2 
5.68 0.77 2.43 0.48 4 6.5 2 3 
1.4 0.46 0.87 0.2 1 2 0.6 1.2 
0.93 0.31 0.57 0.17 0.5 1.5 0.2 1 
1.67 0.45 0.87 0.2 0.5 3 0.5 1.3 
2.17 0.51 1.23 0.17 1 3.5 1 1.5 
2.17 0.51 1.1 0.28 1.5 3 0.5 1.8 
2.29 0.51 1.4 0.46 1 3.5 1 2 
3.17 0.61 1.57 0.27 2.5 4 1.2 2 
2.27 0.51 1.4 0.46 1.5 3 1 2 
3.33 0.9 1.6 0.34 2 5 1.3 2 
1.17 0.38 1.17 0.38 0.5 2 0.5 2 
1.93 0.43 1.35 0.31 1 3 1 1.8 
1.17 0.38 1.03 0.15 0.8 1.7 0.6 1.5 
