538.021
8
6
6 3 2 13 0 3 10 0 
5 6 4 2 3 6 3 3 
2.17 0.51 1.1 0.28 1 3.5 0.8 1.5 
2.17 0.51 1.1 0.28 1.5 3 0.8 1.5 
1.67 0.45 1.23 0.48 0.5 3 0.8 1.9 
1.43 0.37 1.13 0.33 1 2 0.9 1.5 
0.93 0.31 0.63 0.26 0.5 1.5 0.4 1 
0.81 0.23 1.47 0.79 0.5 1 0.9 2.5 
0.87 0.2 1.33 0.61 0.5 1.3 0.8 2.2 
1.64 0.39 1.33 0.36 1.4 2 0.8 2 
1.53 0.61 1.27 0.52 0.5 2.5 0.8 2 
1.33 0.36 1.43 0.75 1 1.8 0.8 2.5 
1.54 0.19 1.2 0.43 1.3 1.8 0.6 2 
1.83 0.69 1.2 0.43 0.5 3.5 0.8 1.8 
1.47 0.26 1.43 0.37 1 2 1 2 
2.17 0.51 1.23 0.17 1 3.5 0.5 2 
2.57 0.34 1.93 0.43 2.2 3 1.5 2.5 
2.04 0.69 1.4 0.46 1 3 1 2 
5.68 0.77 2.43 0.48 4 6.5 2 3 
2.33 0.77 1.03 0.15 1 4 0.6 1.5 
2.33 0.77 1.57 0.27 1 4 1.2 2 
2.83 0.84 1.43 0.37 1.5 4.5 1 2 
0.87 0.2 1.33 0.61 0.5 1.3 0.8 2.2 
1.53 0.61 1.27 0.52 0.5 2.5 0.8 2 
1.33 0.36 1.43 0.75 1 1.8 0.8 2.5 
0.81 0.23 1.47 0.79 0.5 1 0.9 2.5 
1.64 0.39 1.33 0.36 1.4 2 0.8 2 
1.54 0.19 1.2 0.43 1.3 1.8 0.6 2 
3.17 0.61 1.6 0.34 2.5 4 0.8 2.5 
2.67 0.56 1.33 0.17 2 3.5 1.2 1.5 
2.6 0.42 1.5 0.47 1.5 3.8 1.2 2 
2.33 0.77 1.03 0.15 1 4 0.6 1.5 
2.83 0.84 1.43 0.37 1.5 4.5 1 2 
2.33 0.77 1.57 0.27 1 4 1.2 2 
