264.451
8
6
11 13 11 5 13 11 10 11 
3 2 3 2 2 3 3 3 
3.17 0.61 1.57 0.27 2.5 4 1.2 2 
2.27 0.51 1.4 0.46 1.5 3 1 2 
2.29 0.51 1.4 0.46 1 3.5 1 2 
5.68 0.77 2.43 0.48 4 6.5 2 3 
2.04 0.69 1.4 0.46 1 3 1 2 
2.29 0.51 1.4 0.46 1 3.5 1 2 
2.27 0.51 1.4 0.46 1.5 3 1 2 
3.17 0.61 1.57 0.27 2.5 4 1.2 2 
4.77 0.73 2.13 0.45 3.5 6 1.9 2.5 
2.93 0.84 1.67 0.45 1 5 0.5 3 
5.68 0.77 2.43 0.48 4 6.5 2 3 
2.04 0.69 1.4 0.46 1 3 1 2 
2.27 0.51 1.4 0.46 1.5 3 1 2 
3.17 0.61 1.57 0.27 2.5 4 1.2 2 
2.29 0.51 1.4 0.46 1 3.5 1 2 
2.67 0.56 1.33 0.17 2 3.5 1.2 1.5 
3.17 0.61 1.6 0.34 2.5 4 0.8 2.5 
2.6 0.42 1.5 0.47 1.5 3.8 1.2 2 
3.17 0.61 1.57 0.27 2.5 4 1.2 2 
2.29 0.51 1.4 0.46 1 3.5 1 2 
2.27 0.51 1.4 0.46 1.5 3 1 2 
