419.474
5
4
6 2 7 10 14 
5 4 4 3 5 
1.43 0.37 1.13 0.33 1 2 0.9 1.5 
0.93 0.31 0.63 0.26 0.5 1.5 0.4 1 
2.17 0.51 1.1 0.28 1.5 3 0.8 1.5 
2.17 0.51 1.1 0.28 1 3.5 0.8 1.5 
1.67 0.45 1.23 0.48 0.5 3 0.8 1.9 
2.57 0.34 1.93 0.43 2.2 3 1.5 2.5 
2.17 0.51 1.23 0.17 1 3.5 0.5 2 
1.47 0.26 1.43 0.37 1 2 1 2 
1.83 0.69 1.2 0.43 0.5 3.5 0.8 1.8 
1.1 0.28 0.47 0.15 0.8 1.5 0.2 0.8 
2.43 0.77 1.32 0.33 1.5 3.5 0.75 2 
1.6 0.34 1.33 0.36 0.8 2.5 0.8 2 
2.6 0.42 1.1 0.28 1.5 3.8 0.8 1.5 
3.17 0.61 1.6 0.34 2.5 4 0.8 2.5 
2.6 0.42 1.5 0.47 1.5 3.8 1.2 2 
2.67 0.56 1.33 0.17 2 3.5 1.2 1.5 
1.28 0.17 0.83 0.14 1 1.6 0.5 1.2 
1.32 0.25 0.83 0.14 1.2 1.5 0.5 1.2 
4.17 0.69 2.4 0.41 3 5.5 1.9 3 
0.6 0.22 0.27 0.12 0.3 1 0.1 0.5 
1.03 0.15 0.55 0.14 0.5 1.6 0.4 0.75 
