0
7
5
13 10 12 2 11 1 9 
2 3 5 4 3 4 2 
2.04 0.69 1.4 0.46 1 3 1 2 
5.68 0.77 2.43 0.48 4 6.5 2 3 
2.6 0.42 1.5 0.47 1.5 3.8 1.2 2 
2.67 0.56 1.33 0.17 2 3.5 1.2 1.5 
3.17 0.61 1.6 0.34 2.5 4 0.8 2.5 
1.67 0.45 1.33 0.61 1 2.5 0.8 2.2 
1.42 0.42 1.33 0.61 1 2 0.8 2.2 
1.93 0.43 1.47 0.26 1 3 1 2 
1.42 0.42 1.33 0.61 1 2 0.8 2.2 
1.67 0.28 1.43 0.75 0.9 2.5 0.8 2.5 
1.47 0.26 1.43 0.37 1 2 1 2 
2.57 0.34 1.93 0.43 2.2 3 1.5 2.5 
2.17 0.51 1.23 0.17 1 3.5 0.5 2 
1.83 0.69 1.2 0.43 0.5 3.5 0.8 1.8 
2.27 0.51 1.4 0.46 1.5 3 1 2 
3.17 0.61 1.57 0.27 2.5 4 1.2 2 
2.29 0.51 1.4 0.46 1 3.5 1 2 
1.17 0.38 1.03 0.15 0.8 1.7 0.6 1.5 
3.33 0.9 1.6 0.34 2 5 1.3 2 
1.93 0.43 1.35 0.31 1 3 1 1.8 
1.17 0.38 1.17 0.38 0.5 2 0.5 2 
5.17 0.77 2.1 0.38 3 7.5 1.8 2.5 
2.6 0.42 2.1 0.38 2.3 3 1.8 2.5 
