54.714
5
4
12 7 13 0 2 
5 4 2 3 4 
1.93 0.43 1.47 0.26 1 3 1 2 
1.67 0.28 1.43 0.75 0.9 2.5 0.8 2.5 
1.42 0.42 1.33 0.61 1 2 0.8 2.2 
1.67 0.45 1.33 0.61 1 2.5 0.8 2.2 
1.42 0.42 1.33 0.61 1 2 0.8 2.2 
2.6 0.42 1.1 0.28 1.5 3.8 0.8 1.5 
2.43 0.77 1.32 0.33 1.5 3.5 0.75 2 
1.1 0.28 0.47 0.15 0.8 1.5 0.2 0.8 
1.6 0.34 1.33 0.36 0.8 2.5 0.8 2 
2.04 0.69 1.4 0.46 1 3 1 2 
5.68 0.77 2.43 0.48 4 6.5 2 3 
2.83 0.84 1.43 0.37 1.5 4.5 1 2 
2.33 0.77 1.57 0.27 1 4 1.2 2 
2.33 0.77 1.03 0.15 1 4 0.6 1.5 
2.57 0.34 1.93 0.43 2.2 3 1.5 2.5 
2.17 0.51 1.23 0.17 1 3.5 0.5 2 
1.47 0.26 1.43 0.37 1 2 1 2 
1.83 0.69 1.2 0.43 0.5 3.5 0.8 1.8 
