227.975
5
4
12 9 8 3 13 
5 2 5 6 2 
1.67 0.28 1.43 0.75 0.9 2.5 0.8 2.5 
1.42 0.42 1.33 0.61 1 2 0.8 2.2 
1.42 0.42 1.33 0.61 1 2 0.8 2.2 
1.67 0.45 1.33 0.61 1 2.5 0.8 2.2 
1.93 0.43 1.47 0.26 1 3 1 2 
2.6 0.42 2.1 0.38 2.3 3 1.8 2.5 
5.17 0.77 2.1 0.38 3 7.5 1.8 2.5 
0.93 0.31 0.57 0.17 0.5 1.5 0.2 1 
2.17 0.51 1.23 0.17 1 3.5 1 1.5 
2.17 0.51 1.1 0.28 1.5 3 0.5 1.8 
1.4 0.46 0.87 0.2 1 2 0.6 1.2 
1.67 0.45 0.87 0.2 0.5 3 0.5 1.3 
0.87 0.2 1.33 0.61 0.5 1.3 0.8 2.2 
1.33 0.36 1.43 0.75 1 1.8 0.8 2.5 
1.64 0.39 1.33 0.36 1.4 2 0.8 2 
1.53 0.61 1.27 0.52 0.5 2.5 0.8 2 
0.81 0.23 1.47 0.79 0.5 1 0.9 2.5 
1.54 0.19 1.2 0.43 1.3 1.8 0.6 2 
2.04 0.69 1.4 0.46 1 3 1 2 
5.68 0.77 2.43 0.48 4 6.5 2 3 
