620.092
4
3
0 0 3 1 
3 3 6 4 
2.33 0.77 1.57 0.27 1 4 1.2 2 
2.83 0.84 1.43 0.37 1.5 4.5 1 2 
2.33 0.77 1.03 0.15 1 4 0.6 1.5 
2.83 0.84 1.43 0.37 1.5 4.5 1 2 
2.33 0.77 1.03 0.15 1 4 0.6 1.5 
2.33 0.77 1.57 0.27 1 4 1.2 2 
0.81 0.23 1.47 0.79 0.5 1 0.9 2.5 
1.53 0.61 1.27 0.52 0.5 2.5 0.8 2 
1.33 0.36 1.43 0.75 1 1.8 0.8 2.5 
1.54 0.19 1.2 0.43 1.3 1.8 0.6 2 
0.87 0.2 1.33 0.61 0.5 1.3 0.8 2.2 
1.64 0.39 1.33 0.36 1.4 2 0.8 2 
1.17 0.38 1.03 0.15 0.8 1.7 0.6 1.5 
1.93 0.43 1.35 0.31 1 3 1 1.8 
3.33 0.9 1.6 0.34 2 5 1.3 2 
1.17 0.38 1.17 0.38 0.5 2 0.5 2 
