893.662
10
7
2 5 6 1 1 4 13 11 2 4 
4 2 5 4 4 2 2 3 4 2 
2.57 0.34 1.93 0.43 2.2 3 1.5 2.5 
2.17 0.51 1.23 0.17 1 3.5 0.5 2 
1.83 0.69 1.2 0.43 0.5 3.5 0.8 1.8 
1.47 0.26 1.43 0.37 1 2 1 2 
2.93 0.84 1.67 0.45 1 5 0.5 3 
4.77 0.73 2.13 0.45 3.5 6 1.9 2.5 
0.93 0.31 0.63 0.26 0.5 1.5 0.4 1 
1.67 0.45 1.23 0.48 0.5 3 0.8 1.9 
2.17 0.51 1.1 0.28 1.5 3 0.8 1.5 
1.43 0.37 1.13 0.33 1 2 0.9 1.5 
2.17 0.51 1.1 0.28 1 3.5 0.8 1.5 
1.93 0.43 1.35 0.31 1 3 1 1.8 
1.17 0.38 1.03 0.15 0.8 1.7 0.6 1.5 
1.17 0.38 1.17 0.38 0.5 2 0.5 2 
3.33 0.9 1.6 0.34 2 5 1.3 2 
1.17 0.38 1.17 0.38 0.5 2 0.5 2 
3.33 0.9 1.6 0.34 2 5 1.3 2 
1.17 0.38 1.03 0.15 0.8 1.7 0.6 1.5 
1.93 0.43 1.35 0.31 1 3 1 1.8 
4.17 0.69 2.57 0.34 3 5.5 2.2 3 
3.57 0.4 2.9 0.94 3.2 4 2.2 4 
5.68 0.77 2.43 0.48 4 6.5 2 3 
2.04 0.69 1.4 0.46 1 3 1 2 
2.29 0.51 1.4 0.46 1 3.5 1 2 
3.17 0.61 1.57 0.27 2.5 4 1.2 2 
2.27 0.51 1.4 0.46 1.5 3 1 2 
2.17 0.51 1.23 0.17 1 3.5 0.5 2 
1.47 0.26 1.43 0.37 1 2 1 2 
1.83 0.69 1.2 0.43 0.5 3.5 0.8 1.8 
2.57 0.34 1.93 0.43 2.2 3 1.5 2.5 
4.17 0.69 2.57 0.34 3 5.5 2.2 3 
3.57 0.4 2.9 0.94 3.2 4 2.2 4 
