437.712
8
6
10 10 11 11 6 4 5 6 
3 3 3 3 5 2 2 5 
3.17 0.61 1.6 0.34 2.5 4 0.8 2.5 
2.67 0.56 1.33 0.17 2 3.5 1.2 1.5 
2.6 0.42 1.5 0.47 1.5 3.8 1.2 2 
3.17 0.61 1.6 0.34 2.5 4 0.8 2.5 
2.67 0.56 1.33 0.17 2 3.5 1.2 1.5 
2.6 0.42 1.5 0.47 1.5 3.8 1.2 2 
2.29 0.51 1.4 0.46 1 3.5 1 2 
3.17 0.61 1.57 0.27 2.5 4 1.2 2 
2.27 0.51 1.4 0.46 1.5 3 1 2 
3.17 0.61 1.57 0.27 2.5 4 1.2 2 
2.29 0.51 1.4 0.46 1 3.5 1 2 
2.27 0.51 1.4 0.46 1.5 3 1 2 
1.67 0.45 1.23 0.48 0.5 3 0.8 1.9 
2.17 0.51 1.1 0.28 1.5 3 0.8 1.5 
1.43 0.37 1.13 0.33 1 2 0.9 1.5 
2.17 0.51 1.1 0.28 1 3.5 0.8 1.5 
0.93 0.31 0.63 0.26 0.5 1.5 0.4 1 
3.57 0.4 2.9 0.94 3.2 4 2.2 4 
4.17 0.69 2.57 0.34 3 5.5 2.2 3 
2.93 0.84 1.67 0.45 1 5 0.5 3 
4.77 0.73 2.13 0.45 3.5 6 1.9 2.5 
0.93 0.31 0.63 0.26 0.5 1.5 0.4 1 
1.43 0.37 1.13 0.33 1 2 0.9 1.5 
2.17 0.51 1.1 0.28 1 3.5 0.8 1.5 
1.67 0.45 1.23 0.48 0.5 3 0.8 1.9 
2.17 0.51 1.1 0.28 1.5 3 0.8 1.5 
