711.282
5
4
8 10 10 4 13 
5 3 3 2 2 
1.67 0.45 0.87 0.2 0.5 3 0.5 1.3 
0.93 0.31 0.57 0.17 0.5 1.5 0.2 1 
2.17 0.51 1.1 0.28 1.5 3 0.5 1.8 
1.4 0.46 0.87 0.2 1 2 0.6 1.2 
2.17 0.51 1.23 0.17 1 3.5 1 1.5 
2.67 0.56 1.33 0.17 2 3.5 1.2 1.5 
2.6 0.42 1.5 0.47 1.5 3.8 1.2 2 
3.17 0.61 1.6 0.34 2.5 4 0.8 2.5 
2.6 0.42 1.5 0.47 1.5 3.8 1.2 2 
2.67 0.56 1.33 0.17 2 3.5 1.2 1.5 
3.17 0.61 1.6 0.34 2.5 4 0.8 2.5 
4.17 0.69 2.57 0.34 3 5.5 2.2 3 
3.57 0.4 2.9 0.94 3.2 4 2.2 4 
5.68 0.77 2.43 0.48 4 6.5 2 3 
2.04 0.69 1.4 0.46 1 3 1 2 
