884.543
8
6
4 8 2 4 10 0 9 4 
2 5 4 2 3 3 2 2 
4.17 0.69 2.57 0.34 3 5.5 2.2 3 
3.57 0.4 2.9 0.94 3.2 4 2.2 4 
1.4 0.46 0.87 0.2 1 2 0.6 1.2 
0.93 0.31 0.57 0.17 0.5 1.5 0.2 1 
2.17 0.51 1.1 0.28 1.5 3 0.5 1.8 
1.67 0.45 0.87 0.2 0.5 3 0.5 1.3 
2.17 0.51 1.23 0.17 1 3.5 1 1.5 
1.83 0.69 1.2 0.43 0.5 3.5 0.8 1.8 
1.47 0.26 1.43 0.37 1 2 1 2 
2.17 0.51 1.23 0.17 1 3.5 0.5 2 
2.57 0.34 1.93 0.43 2.2 3 1.5 2.5 
3.57 0.4 2.9 0.94 3.2 4 2.2 4 
4.17 0.69 2.57 0.34 3 5.5 2.2 3 
2.67 0.56 1.33 0.17 2 3.5 1.2 1.5 
2.6 0.42 1.5 0.47 1.5 3.8 1.2 2 
3.17 0.61 1.6 0.34 2.5 4 0.8 2.5 
2.33 0.77 1.03 0.15 1 4 0.6 1.5 
2.83 0.84 1.43 0.37 1.5 4.5 1 2 
2.33 0.77 1.57 0.27 1 4 1.2 2 
5.17 0.77 2.1 0.38 3 7.5 1.8 2.5 
2.6 0.42 2.1 0.38 2.3 3 1.8 2.5 
4.17 0.69 2.57 0.34 3 5.5 2.2 3 
3.57 0.4 2.9 0.94 3.2 4 2.2 4 
