446.831
5
4
4 11 2 11 7 
2 3 4 3 4 
4.17 0.69 2.57 0.34 3 5.5 2.2 3 
3.57 0.4 2.9 0.94 3.2 4 2.2 4 
2.27 0.51 1.4 0.46 1.5 3 1 2 
2.29 0.51 1.4 0.46 1 3.5 1 2 
3.17 0.61 1.57 0.27 2.5 4 1.2 2 
2.17 0.51 1.23 0.17 1 3.5 0.5 2 
1.47 0.26 1.43 0.37 1 2 1 2 
2.57 0.34 1.93 0.43 2.2 3 1.5 2.5 
1.83 0.69 1.2 0.43 0.5 3.5 0.8 1.8 
2.29 0.51 1.4 0.46 1 3.5 1 2 
3.17 0.61 1.57 0.27 2.5 4 1.2 2 
2.27 0.51 1.4 0.46 1.5 3 1 2 
1.1 0.28 0.47 0.15 0.8 1.5 0.2 0.8 
2.43 0.77 1.32 0.33 1.5 3.5 0.75 2 
2.6 0.42 1.1 0.28 1.5 3.8 0.8 1.5 
1.6 0.34 1.33 0.36 0.8 2.5 0.8 2 
