902.781
5
4
1 8 4 10 5 
4 5 2 3 2 
1.17 0.38 1.03 0.15 0.8 1.7 0.6 1.5 
1.17 0.38 1.17 0.38 0.5 2 0.5 2 
1.93 0.43 1.35 0.31 1 3 1 1.8 
3.33 0.9 1.6 0.34 2 5 1.3 2 
2.17 0.51 1.1 0.28 1.5 3 0.5 1.8 
1.4 0.46 0.87 0.2 1 2 0.6 1.2 
2.17 0.51 1.23 0.17 1 3.5 1 1.5 
1.67 0.45 0.87 0.2 0.5 3 0.5 1.3 
0.93 0.31 0.57 0.17 0.5 1.5 0.2 1 
3.57 0.4 2.9 0.94 3.2 4 2.2 4 
4.17 0.69 2.57 0.34 3 5.5 2.2 3 
2.6 0.42 1.5 0.47 1.5 3.8 1.2 2 
3.17 0.61 1.6 0.34 2.5 4 0.8 2.5 
2.67 0.56 1.33 0.17 2 3.5 1.2 1.5 
4.77 0.73 2.13 0.45 3.5 6 1.9 2.5 
2.93 0.84 1.67 0.45 1 5 0.5 3 
