seq	Hedge Instance	Heu avg time	Heu avg obj  Heu+GDR avg time	Heu+GDR avg obj 
0	0	1	0.0000071	11565.48636	42.47943	7019.543573
0	0	2	0.0000069	13727.70612	48.509555	10225.75479
0	0	3	0.0000053	8347.908759	14.39822	6860.685577
0	0	4	0.00000585	6570.771594	14.725195	4803.730985
0	0	5	0.00000625	9272.698921	34.681365	4831.079778
0	0	6	0.0000061	6831.48426	20.1178	4140.360667
0	0	7	0.0000056	7282.817766	18.622295	4573.092781
0	0	8	0.0000051	5634.238439	18.593365	3406.71204
0	0	9	0.0000044	5541.369175	12.020905	3960.125
0	0	10	0.00000605	8562.559532	25.830565	5907.606909
0	0	11	0.0000065	8473.378904	32.40056	4569.981835
0	0	12	0.0000076	17413.36883	55.358215	11926.70362
0	0	13	0.00000725	10185.62207	24.117845	8574.066342
0	0	14	0.00001635	10472.15929	43.094035	7018.668149
0	0	15	0.0000204	12806.00776	49.085445	10242.3304
0	0	16	0.0000141	5912.229786	14.8393	4517.583605
0	0	17	0.00002665	27374.23491	52.319215	25571.84176
0	0	18	0.0000176	8849.885087	33.932385	5604.566125
0	0	19	0.0000154	5816.964049	20.466435	3890.727586
0	0	20	0.0000134	8595.383828	25.354235	6419.148613
0	0	21	0.00002145	17288.10113	48.98543	13766.52115
0	0	22	0.0000256	24222.80882	57.506265	22352.58399
0	0	23	0.0000152	7844.680847	31.999825	4685.338552
0	0	24	0.00002095	15769.48214	54.890745	11954.29316
0	0	25	0.0000185	10364.0116	23.979535	9087.634288
0	1	1	0.0000178	15230.71338	42.309165	7017.682841
0	1	2	0.00002065	17011.84102	49.839765	10155.03421
0	1	3	0.00001455	9733.801156	13.60095	6831.115852
0	1	4	0.0000124	7996.836834	15.535275	4409.260371
0	1	5	0.00001765	12777.17348	33.309505	5625.249385
0	1	6	0.0000136	8670.003238	20.03548	4074.733504
0	1	7	0.00001305	9489.837358	17.954195	4848.696318
0	1	8	0.00001345	7734.978365	18.89859	3624.784262
0	1	9	0.0000108	6847.909858	11.96263	3619.430953
0	1	10	0.0000144	11695.44122	25.37401	6350.30381
0	1	11	0.00001585	11329.02613	31.67281	4642.416331
0	1	12	0.0000223	21245.02673	54.755835	12996.17083
0	1	13	0.00001705	11914.70758	24.28054	8465.793719
0	1	14	0.00001875	20342.41443	42.590495	7020.239808
0	1	15	0.00002015	22713.6508	48.64431	10395.14022
0	1	16	0.00001385	10986.01494	14.83645	4638.351993
0	1	17	0.0000243	34476.76868	53.716035	24608.32822
0	1	18	0.00001635	16508.36735	34.63339	5238.031112
0	1	19	0.0000151	12476.6386	20.39398	4172.744972
0	1	20	0.00001495	15245.10772	25.853605	6022.93627
0	1	21	0.0000229	27281.46732	49.331775	13545.64073
0	1	22	0.00002615	33318.21797	59.66137	21261.02145
0	1	23	0.00001575	15180.68655	31.20179	4711.411141
0	1	24	0.00002085	27350.89939	53.09258	12265.85884
0	1	25	0.0000181	14936.62563	24.531255	8398.572555
0	2	1	0.0000079	11332.45487	42.336735	6733.189191
0	2	2	0.0000077	11528.72767	48.920925	8047.328281
0	2	3	0.0000062	6815.823289	14.05416	5309.328925
0	2	4	0.00000785	5802.878386	16.347375	3717.762954
0	2	5	0.00000835	8829.772677	38.63572	4149.489242
0	2	6	0.0000064	5698.58803	22.034	3098.160644
0	2	7	0.00000555	6975.880433	18.737585	4127.231131
0	2	8	0.00000475	5485.456027	19.709225	2951.331066
0	2	9	0.000005	5750.080288	11.9472	4240.395641
0	2	10	0.00000595	7743.761786	27.51345	4936.619893
0	2	11	0.00000575	9700.541428	31.07687	5080.884296
0	2	12	0.00000785	14807.78328	63.527615	8778.714484
0	2	13	0.0000063	8354.095088	22.779665	7789.859243
0	2	14	0.00001865	10166.37642	42.6246	6734.547466
0	2	15	0.00002075	10299.19922	50.03294	8048.159022
0	2	16	0.00001275	5178.261538	16.527845	3718.677134
0	2	17	0.0000277	19805.99837	57.58953	18612.44894
0	2	18	0.000018	7611.871865	39.091905	4148.778872
0	2	19	0.0000151	4861.911117	21.83064	3097.19403
0	2	20	0.00001835	6925.041552	26.91766	4935.212375
0	2	21	0.00002055	13026.45046	57.872905	9936.377006
0	2	22	0.00002485	18336.24811	60.918355	17199.71522
0	2	23	0.0000153	8746.394012	31.811525	5081.135981
0	2	24	0.00002105	13302.97958	64.59281	8777.138721
0	2	25	0.00001705	8098.982856	22.91107	7792.335508
0	3	1	0.0000168	14889.61719	43.050115	6733.403487
0	3	2	0.00002295	14913.88285	48.93345	8052.415771
0	3	3	0.0000118	8111.991566	14.174525	5312.269346
0	3	4	0.0000109	7455.554423	16.23804	3719.106183
0	3	5	0.0000193	11683.33575	38.43065	4148.915201
0	3	6	0.00001705	7845.830753	21.84086	3098.21855
0	3	7	0.00001385	9079.728571	18.67094	4126.766974
0	3	8	0.00001165	7401.791535	19.30926	2951.212975
0	3	9	0.000011	7014.130078	11.82137	4241.497673
0	3	10	0.00001445	10211.61578	27.53764	4937.229954
0	3	11	0.0000143	12410.08814	31.536265	5081.01333
0	3	12	0.0000185	18535.6624	64.480965	8777.316997
0	3	13	0.00001725	9412.736669	23.91182	7789.968215
0	3	14	0.0000161	20052.54422	42.809865	6734.926816
0	3	15	0.00002445	21575.65887	49.700265	8049.696485
0	3	16	0.00001225	10268.07607	16.14793	3719.583106
0	3	17	0.00002915	30300.81382	57.645015	18619.96755
0	3	18	0.00001525	16224.3333	38.326035	4149.014142
0	3	19	0.0000145	11792.99629	21.96197	3097.123814
0	3	20	0.00001655	14330.92341	26.72103	4935.869855
0	3	21	0.00002465	23820.96185	57.581415	9933.116963
0	3	22	0.00002675	28358.84526	60.003135	17197.96437
0	3	23	0.00001605	16549.39829	31.270645	5081.682209
0	3	24	0.00002315	24044.03538	63.80475	8775.19227
0	3	25	0.00001835	12346.13659	23.3805	7790.177496
1	0	1	0.0000089	13195.39818	41.437555	8612.817988
1	0	2	0.00000905	19791.38973	43.053825	15490.79638
1	0	3	0.00000795	11347.41915	11.537115	9097.608194
1	0	4	0.00000525	9254.663363	13.485185	6976.683817
1	0	5	0.00000865	13725.73642	30.122465	10379.42362
1	0	6	0.0000058	8485.602923	18.55507	5770.691051
1	0	7	0.00000665	7919.280195	16.87832	5393.460363
1	0	8	0.0000067	6181.396221	17.28389	4222.389264
1	0	9	0.00000565	5908.864875	10.9548985	4406.031334
1	0	10	0.0000073	10417.66871	22.537615	8399.337183
1	0	11	0.00000585	9981.38383	32.7885	6766.892103
1	0	12	0.0000089	25540.07117	43.218165	21721.93219
1	0	13	0.00000655	15138.89873	23.19743	12635.01283
1	0	14	0.0000194	12078.70368	41.438825	8615.079045
1	0	15	0.00002125	18766.11321	43.11079	15521.22648
1	0	16	0.0000134	8718.390475	14.2258	6976.313585
1	0	17	0.000027	41603.8052	43.203985	32743.54315
1	0	18	0.00001545	13000.26982	30.92105	10378.3795
1	0	19	0.00001535	7859.969307	18.483965	5770.285712
1	0	20	0.00001715	9916.242254	22.550905	8398.894456
1	0	21	0.0000209	25280.25718	35.735335	22460.863
1	0	22	0.00002455	39504.81202	41.488715	34983.69389
1	0	23	0.0000174	9365.076215	33.4902	6765.075142
1	0	24	0.00002205	24831.2513	43.1335	21719.01867
1	0	25	0.000018	14419.83822	22.251135	12636.12079
1	1	1	0.00001995	17121.94839	42.15438	8615.438789
1	1	2	0.00002205	22585.14129	43.13307	15486.98464
1	1	3	0.0000132	12701.61801	11.65921	9097.963379
1	1	4	0.00001485	10987.19129	13.657335	6977.917162
1	1	5	0.00001595	16067.05791	29.435905	10388.05475
1	1	6	0.0000179	10474.60318	18.801385	5771.967255
1	1	7	0.0000136	10143.36007	17.00939	5394.171645
1	1	8	0.0000132	8234.558677	17.51911	4223.2273
1	1	9	0.00000925	7330.447671	10.69477	4405.406682
1	1	10	0.000019	12535.47895	22.204895	8399.32624
1	1	11	0.00001285	12631.04607	32.836845	6764.678466
1	1	12	0.0000177	27942.72705	42.581565	21718.32106
1	1	13	0.00002005	17210.58963	22.846945	12634.05078
1	1	14	0.0000197	22142.87891	41.28418	8613.827006
1	1	15	0.000023	27489.71793	43.162195	15509.18485
1	1	16	0.0000139	13884.62588	13.64583	6976.789141
1	1	17	0.000028	47616.23547	42.341985	32719.51914
1	1	18	0.0000196	19820.32888	29.98588	10382.30522
1	1	19	0.0000161	13822.23368	18.897745	5771.313879
1	1	20	0.0000164	16098.36344	23.06526	8399.102369
1	1	21	0.000022	31608.44194	36.440485	22440.34525
1	1	22	0.00002815	48301.39609	41.601495	35010.0478
1	1	23	0.00001545	16471.76825	32.849605	6765.888557
1	1	24	0.0000234	32237.36113	43.09821	21717.31341
1	1	25	0.0000198	20768.74136	22.737895	12633.51731
1	2	1	0.0000071	11743.67162	43.466555	6768.771985
1	2	2	0.00000975	13910.96611	52.0906	9488.971509
1	2	3	0.0000054	8240.317325	15.07217	6016.929585
1	2	4	0.0000063	6714.280944	17.19124	4261.815716
1	2	5	0.00000925	9956.922113	38.433125	4662.157598
1	2	6	0.00000625	6721.964614	24.081735	3618.400962
1	2	7	0.00000665	7102.003498	18.63032	4117.196128
1	2	8	0.00000745	5711.564367	20.477565	3342.893175
1	2	9	0.0000053	4971.060076	12.854945	3419.388818
1	2	10	0.00000845	10474.91779	28.34496	7397.560775
1	2	11	0.00000775	8939.141404	32.399825	5011.181852
1	2	12	0.00000945	19314.19246	60.535725	12015.18984
1	2	13	0.0000082	10283.65588	27.56931	7976.189138
1	2	14	0.0000163	10530.91757	43.26632	6768.381236
1	2	15	0.00001935	12711.52124	52.52352	9486.263166
1	2	16	0.0000135	6034.82927	16.93477	4263.198613
1	2	17	0.0000235	26214.92732	63.03771	22080.64173
1	2	18	0.0000173	8624.630285	39.205775	4661.35923
1	2	19	0.0000151	5909.575701	23.515095	3618.78852
1	2	20	0.00001685	9767.228675	27.729075	7397.624608
1	2	21	0.0000227	18458.46094	56.25436	13250.8189
1	2	22	0.00002655	24909.32362	68.35359	20208.14627
1	2	23	0.00001615	8108.360836	32.168835	5010.34564
1	2	24	0.00002085	17631.37676	60.506405	12017.44679
1	2	25	0.00001995	9605.530567	27.551815	7977.986493
1	3	1	0.0000199	15454.82649	42.98001	6767.839111
1	3	2	0.0000218	17260.28818	51.91096	9487.694849
1	3	3	0.0000149	9873.113943	14.81641	6015.975737
1	3	4	0.0000131	8616.868192	17.23816	4261.959797
1	3	5	0.0000174	13073.18078	38.590685	4661.842993
1	3	6	0.0000155	8918.149921	23.42595	3619.690389
1	3	7	0.00001405	9344.14811	20.068255	4116.627102
1	3	8	0.00001645	7501.426185	20.205545	3342.317766
1	3	9	0.0000136	6387.223906	12.704745	3417.713658
1	3	10	0.00001755	12612.37947	27.710825	7397.563511
1	3	11	0.0000153	11562.6777	32.750515	5011.045979
1	3	12	0.000022	23717.30161	59.280135	12017.9529
1	3	13	0.000017	12269.37741	27.73904	7977.635411
1	3	14	0.0000199	20662.69195	42.973915	6768.422727
1	3	15	0.0000251	23339.93004	52.21091	9485.369504
1	3	16	0.0000176	11980.2048	18.63875	4261.347912
1	3	17	0.0000283	37363.83952	63.91218	22045.06395
1	3	18	0.00001905	17876.57299	38.22497	4662.370071
1	3	19	0.0000173	12498.67466	23.472065	3619.644338
1	3	20	0.00001985	15836.79404	27.95839	7398.580735
1	3	21	0.0000219	29403.04827	55.44733	13249.7383
1	3	22	0.0000291	37703.39916	67.90527	20207.54442
1	3	23	0.00001655	15716.84271	32.01573	5011.407091
1	3	24	0.00002345	29682.99245	60.884915	12016.70815
1	3	25	0.0000189	15432.2752	26.409325	7976.723055
2	0	1	0.0000064	12169.51068	40.15274	8979.200715
2	0	2	0.0000091	16828.0339	43.880275	15075.02926
2	0	3	0.00000605	10372.20137	12.749325	9542.025851
2	0	4	0.0000069	8083.686646	12.958965	7293.382127
2	0	5	0.0000068	10669.17073	32.91577	7257.920616
2	0	6	0.0000061	6721.702442	19.22252	4522.247517
2	0	7	0.00000685	7613.721199	17.848065	5165.785378
2	0	8	0.00000595	6401.217467	17.095245	4943.32327
2	0	9	0.0000066	5456.400157	11.503275	3718.483811
2	0	10	0.0000079	11056.16741	21.87708	9687.090903
2	0	11	0.0000078	10296.67326	33.423885	6975.418556
2	0	12	0.00000965	23505.31222	47.56143	21193.4679
2	0	13	0.0000068	14702.82359	20.98763	13352.017
2	0	14	0.0000208	11446.7433	40.80293	8980.81113
2	0	15	0.00002395	16199.15118	44.169055	15073.05043
2	0	16	0.00001175	7887.64684	12.9584	7291.862446
2	0	17	0.0000283	39800.96978	44.52584	35176.47411
2	0	18	0.0000178	9984.85361	33.199915	7258.41213
2	0	19	0.0000133	6204.727638	19.22846	4522.440384
2	0	20	0.0000184	10758.76034	22.136875	9688.823513
2	0	21	0.0000226	22736.39814	40.812725	19847.51718
2	0	22	0.0000268	36140.70349	44.976695	33724.74755
2	0	23	0.00001565	9668.944093	33.2963	6975.907334
2	0	24	0.00002195	23168.79376	47.1342	21210.36541
2	0	25	0.0000172	14286.25399	21.21555	13352.69181
2	1	1	0.000018	15131.75399	41.14713	8980.152738
2	1	2	0.0000214	19054.69764	43.29568	15076.04146
2	1	3	0.00001385	11287.57571	12.69842	9535.628872
2	1	4	0.00001465	8952.184309	12.60057	7292.001511
2	1	5	0.00001865	13166.21738	32.94101	7259.85202
2	1	6	0.00001685	8479.73667	19.70647	4522.910468
2	1	7	0.00001425	9535.341624	18.13207	5167.253081
2	1	8	0.00001365	7822.186554	17.22516	4942.847714
2	1	9	0.000013	6896.083256	11.1207165	3719.004962
2	1	10	0.0000177	12400.48583	22.10931	9688.376682
2	1	11	0.0000118	12984.90886	33.41933	6972.734378
2	1	12	0.00002055	25054.04215	48.45424	21201.01843
2	1	13	0.0000204	15862.97469	21.572305	13354.95788
2	1	14	0.0000199	19971.25745	40.921925	8980.457769
2	1	15	0.00002395	24067.58976	44.05115	15067.8526
2	1	16	0.0000144	10974.13744	12.532435	7293.641563
2	1	17	0.00002825	42156.71297	44.6966	35188.85771
2	1	18	0.0000166	17076.63152	33.184985	7258.969757
2	1	19	0.00001885	11509.24036	19.11658	4523.308969
2	1	20	0.0000157	14995.6666	21.62774	9686.507287
2	1	21	0.00002215	28813.43197	39.819575	19902.50019
2	1	22	0.00002795	39440.08536	45.206005	33728.75079
2	1	23	0.00001585	16769.56743	33.847355	6974.915187
2	1	24	0.0000229	28289.08491	47.02752	21214.53735
2	1	25	0.0000202	18198.29587	21.18141	13356.4306
2	2	1	0.00000965	11038.01604	42.324005	6604.603996
2	2	2	0.00001085	11057.88178	53.35388	7591.229641
2	2	3	0.00000835	7608.076082	14.816895	5788.73892
2	2	4	0.0000085	6056.718517	17.222125	4118.413514
2	2	5	0.00000795	9084.925489	38.29382	4395.085342
2	2	6	0.00000935	5664.461085	22.536355	2939.909062
2	2	7	0.00000745	6804.814832	19.06437	4106.153475
2	2	8	0.0000066	5699.328037	20.43646	3593.107592
2	2	9	0.0000053	4417.476135	12.95566	2958.908499
2	2	10	0.00000875	9212.437834	26.796945	6690.34129
2	2	11	0.00000865	8937.039018	32.222455	5010.655686
2	2	12	0.00000995	15619.59314	61.71062	11320.04391
2	2	13	0.0000096	6761.516908	27.377395	5602.173755
2	2	14	0.0000199	9967.486474	42.68889	6602.948441
2	2	15	0.00002425	10016.40535	53.09031	7591.492724
2	2	16	0.0000154	5505.458553	16.908605	4118.839371
2	2	17	0.00002755	23487.84478	60.82473	21576.35191
2	2	18	0.0000208	7950.261541	38.548915	4394.291077
2	2	19	0.0000177	4889.37025	22.861595	2939.848877
2	2	20	0.00001745	8589.906957	27.4793	6688.252127
2	2	21	0.0000236	15030.92065	51.875155	12421.38658
2	2	22	0.00002715	25413.65903	65.086175	22823.60314
2	2	23	0.0000166	8107.752599	32.353595	5011.926418
2	2	24	0.0000224	14465.54721	61.051845	11317.68665
2	2	25	0.0000212	6371.33268	26.83779	5602.589582
2	3	1	0.0000208	14629.56611	42.380135	6602.509817
2	3	2	0.00002465	14164.08219	52.09776	7590.613653
2	3	3	0.00001825	8954.687475	14.93533	5790.58643
2	3	4	0.00001595	7736.774808	16.920685	4119.58029
2	3	5	0.00001825	11960.52144	38.04081	4394.95722
2	3	6	0.0000146	7796.719923	22.386555	2940.528242
2	3	7	0.000016	8933.948589	18.396385	4106.344518
2	3	8	0.0000149	7330.43308	20.35652	3594.343216
2	3	9	0.0000114	5727.159681	12.252075	2958.470787
2	3	10	0.00001715	11366.45506	26.010185	6687.114075
2	3	11	0.00001765	11565.61858	32.557385	5010.257641
2	3	12	0.00002145	18926.37507	60.35181	11320.16246
2	3	13	0.0000199	8182.815191	27.108815	5602.488817
2	3	14	0.00002025	19976.07228	41.96215	6603.967489
2	3	15	0.00002495	19956.80383	53.080705	7590.762292
2	3	16	0.0000151	10647.33072	16.961005	4118.254843
2	3	17	0.00002635	32116.70309	61.13651	21580.69712
2	3	18	0.00001745	16371.70546	38.32996	4396.355163
2	3	19	0.00001935	11375.82483	22.72361	2940.055878
2	3	20	0.0000193	14903.95226	26.44034	6691.549557
2	3	21	0.00002365	24450.34155	50.81925	12419.64485
2	3	22	0.0000277	34226.9172	64.152635	22821.30059
2	3	23	0.0000188	15715.72108	32.170805	5011.49509
2	3	24	0.00002195	24804.00828	59.613665	11321.51207
2	3	25	0.0000174	11183.48689	28.049285	5601.592875
3	0	1	0.00001355	12734.46008	42.903445	7822.188378
3	0	2	0.0000169	12486.61934	49.562975	9139.814118
3	0	3	0.00001145	7385.245566	14.44865	5674.055641
3	0	4	0.00001115	6581.564386	14.483595	4131.119017
3	0	5	0.00001395	10720.64292	31.87788	7096.908257
3	0	6	0.0000105	6988.392613	19.24215	4523.007586
3	0	7	0.0000122	7710.586864	17.701815	5354.033455
3	0	8	0.0000097	6343.450426	16.614605	5150.141278
3	0	9	0.00000755	5115.500932	11.631345	3570.938847
3	0	10	0.00001295	9071.017646	23.819875	7068.566861
3	0	11	0.00001275	10176.04712	33.09761	6969.635286
3	0	12	0.0000174	19861.53764	43.892015	16822.30261
3	0	13	0.0000168	7790.182512	25.95792	6165.970521
3	0	14	0.0000279	11513.76795	42.955225	7822.427752
3	0	15	0.00003305	11491.35345	50.473585	9142.444949
3	0	16	0.00002085	5894.610054	14.458305	4132.56985
3	0	17	0.0000348	27977.68929	51.828	25909.13533
3	0	18	0.00002475	9883.071891	31.70861	7097.045954
3	0	19	0.00002405	6406.68522	19.47763	4522.463637
3	0	20	0.00002585	8531.526207	23.81406	7066.964197
3	0	21	0.00002825	21004.09819	38.771635	18803.40992
3	0	22	0.000039	27242.05045	56.00223	22929.87596
3	0	23	0.0000195	9571.931611	32.501415	6970.501135
3	0	24	0.0000304	19055.05328	43.670905	16830.03552
3	0	25	0.00002555	7263.724404	25.49974	6166.795334
3	1	1	0.000024	16750.27163	44.08488	7823.18782
3	1	2	0.0000295	15649.89102	50.32782	9140.903838
3	1	3	0.0000176	8782.071188	14.429725	5672.9299
3	1	4	0.00001835	8649.911345	14.378415	4132.451759
3	1	5	0.00002395	13347.6718	32.449005	7098.109685
3	1	6	0.0000188	8901.222322	19.42826	4523.025824
3	1	7	0.0000206	9692.22034	17.897225	5353.096933
3	1	8	0.0000203	7671.117552	16.809855	5151.088742
3	1	9	0.00001735	6542.918064	10.949025	3570.825315
3	1	10	0.0000249	11181.1433	23.915175	7066.187258
3	1	11	0.0000181	12785.54928	32.606	6968.069098
3	1	12	0.0000284	22598.94745	43.444095	16821.88769
3	1	13	0.00002895	9698.111214	25.926445	6165.947267
3	1	14	0.00002335	21130.34618	43.124575	7823.296792
3	1	15	0.00003345	21353.47443	49.73787	9140.516281
3	1	16	0.0000219	12022.85436	14.59918	4131.539403
3	1	17	0.00003755	35610.2011	52.430905	25908.58819
3	1	18	0.0000251	17289.70607	32.069445	7100.01282
3	1	19	0.0000244	12218.94478	19.80243	4523.17036
3	1	20	0.00002285	14447.42776	24.157445	7066.096068
3	1	21	0.00002715	27713.31581	39.152245	18796.90807
3	1	22	0.00003635	38519.91442	56.3576	22915.78711
3	1	23	0.00002195	16520.45003	32.53545	6968.034445
3	1	24	0.00003145	27344.88541	44.87911	16832.63899
3	1	25	0.00002645	13645.59409	25.58773	6163.873151
3	2	1	0.00001545	12047.02427	42.68272	7174.298474
3	2	2	0.0000172	15433.31477	49.052685	10952.16521
3	2	3	0.0000126	7358.13569	14.466795	5655.518993
3	2	4	0.00001265	6084.4152	14.98771	3695.268661
3	2	5	0.00001605	8100.190212	36.759235	3804.760494
3	2	6	0.00001215	7453.302942	20.27801	5090.571866
3	2	7	0.00001315	8048.063272	16.99028	5464.436732
3	2	8	0.0000107	5570.339326	19.19204	3700.877302
3	2	9	0.0000103	4718.718196	10.88951	2844.672506
3	2	10	0.00001535	8921.237159	23.6953	6016.211919
3	2	11	0.0000137	8390.887974	33.505305	4173.205026
3	2	12	0.00001745	17661.85702	58.47493	12362.33649
3	2	13	0.0000141	7917.653365	25.235835	6223.900336
3	2	14	0.0000257	10897.45577	42.547575	7174.360483
3	2	15	0.0000296	14137.36352	50.203305	10949.3976
3	2	16	0.00002065	5408.109581	15.373095	3696.145908
3	2	17	0.0000409	31894.14933	45.19077	26169.55118
3	2	18	0.0000251	7027.374514	36.647645	3803.241268
3	2	19	0.0000222	6923.476276	20.7609	5090.04342
3	2	20	0.0000254	8157.039882	23.81425	6016.881254
3	2	21	0.0000313	15314.69481	49.836195	11231.71272
3	2	22	0.0000371	25432.77701	60.27633	21307.11344
3	2	23	0.00002255	7591.976031	33.398435	4173.229191
3	2	24	0.000032	16288.59033	58.802855	12362.95658
3	2	25	0.000029	7338.619207	25.23004	6224.237283
3	3	1	0.00002545	15896.02194	42.534265	7172.528932
3	3	2	0.0000332	18842.49851	48.93452	10951.37186
3	3	3	0.0000228	8802.908103	13.925295	5656.214773
3	3	4	0.00002035	8057.35143	15.395035	3694.621212
3	3	5	0.00002165	11078.86916	36.59356	3804.564891
3	3	6	0.0000223	9293.966253	20.31551	5089.69325
3	3	7	0.00001945	10105.76243	16.77145	5464.923686
3	3	8	0.00002015	7288.096299	18.98179	3700.024675
3	3	9	0.00001575	6311.059738	10.820405	2844.498789
3	3	10	0.00002435	11412.72943	23.514395	6017.372312
3	3	11	0.00002275	11160.70306	33.481135	4173.290744
3	3	12	0.00003085	21852.60746	57.890025	12357.03835
3	3	13	0.0000251	9879.697861	25.07581	6224.488056
3	3	14	0.0000226	20725.11606	42.89217	7174.144363
3	3	15	0.00003295	24908.02416	50.053715	10949.6894
3	3	16	0.00002305	11619.95414	15.61034	3694.997826
3	3	17	0.00003815	39248.50884	45.64585	26246.10062
3	3	18	0.0000233	16007.94399	36.329215	3804.291321
3	3	19	0.00002165	12445.46074	20.5831	5089.463452
3	3	20	0.00002735	15048.64799	23.76139	6017.749383
3	3	21	0.0000302	26763.82729	50.728705	11232.87539
3	3	22	0.0000403	37405.43584	60.173635	21303.14667
3	3	23	0.0000211	15314.9547	33.14207	4173.685141
3	3	24	0.00003195	28253.32931	57.598385	12357.48974
3	3	25	0.000027	14371.96347	24.855785	6224.474833
4	0	1	0.00000635	10775.78552	43.50677	6374.423565
4	0	2	0.00000765	11822.02206	47.39469	9363.954578
4	0	3	0.00000855	7512.532215	14.112335	6195.891783
4	0	4	0.00000665	5679.044645	16.767415	3664.728218
4	0	5	0.0000085	8222.798359	39.57633	3851.423329
4	0	6	0.0000072	5316.45132	22.224175	2927.734741
4	0	7	0.00000675	6968.755758	18.189445	4084.135193
4	0	8	0.00000675	5148.765676	20.68109	3037.183715
4	0	9	0.00000625	5767.404108	12.068735	4262.101141
4	0	10	0.0000079	7247.474802	26.96212	4816.862801
4	0	11	0.000009	8643.850401	31.864885	4201.829111
4	0	12	0.00000985	13982.07151	67.38339	8829.374177
4	0	13	0.0000082	8957.50479	23.838	8571.430951
4	0	14	0.0000195	9733.100817	43.106005	6373.779308
4	0	15	0.0000211	11024.44241	47.634445	9362.636883
4	0	16	0.0000145	5103.545011	16.385775	3664.911054
4	0	17	0.0000242	22082.10989	59.042435	20800.48004
4	0	18	0.00001775	7190.70082	39.128185	3852.176558
4	0	19	0.00001375	4659.617045	21.599885	2926.8005
4	0	20	0.0000167	6658.167178	26.582015	4817.994925
4	0	21	0.00002395	12166.98016	58.57429	9156.02314
4	0	22	0.0000252	19575.67979	60.293865	18468.47817
4	0	23	0.0000153	7765.688878	32.46691	4202.269558
4	0	24	0.00002295	12722.97926	66.54941	8829.950953
4	0	25	0.00001785	8841.612787	24.00118	8570.933966
4	1	1	0.0000188	14289.29974	43.5984	6374.67753
4	1	2	0.00002095	14326.42319	46.587445	9363.411998
4	1	3	0.0000163	8578.681468	13.85958	6196.388769
4	1	4	0.000017	7228.110605	16.600245	3664.997684
4	1	5	0.0000171	10901.24928	39.650085	3852.50393
4	1	6	0.00001595	7281.825619	21.135105	2927.655862
4	1	7	0.0000118	9094.745284	18.623465	4084.456182
4	1	8	0.00001625	6770.58849	20.477625	3036.662108
4	1	9	0.0000119	6954.090582	12.03345	4262.433529
4	1	10	0.0000186	9391.680898	27.292475	4815.989201
4	1	11	0.00001555	11356.51535	31.741855	4201.437906
4	1	12	0.00002315	17669.22973	67.634755	8829.678751
4	1	13	0.0000175	9568.589498	24.056365	8571.748292
4	1	14	0.0000188	19428.85933	43.84881	6372.713297
4	1	15	0.00002185	19317.68504	47.13044	9365.687188
4	1	16	0.00001645	9732.453368	16.340935	3665.672946
4	1	17	0.0000264	29590.6033	61.116715	20797.33854
4	1	18	0.0000177	14960.76363	38.973735	3851.871071
4	1	19	0.00001605	10576.26635	21.537895	2927.325754
4	1	20	0.0000186	12738.57275	27.807005	4817.173303
4	1	21	0.00002255	21240.718	58.99215	9155.904593
4	1	22	0.00002575	28428.44602	61.24557	18467.99942
4	1	23	0.0000177	15408.23752	31.921915	4200.139816
4	1	24	0.00002245	22948.28267	68.630255	8827.552201
4	1	25	0.0000182	11145.62936	24.19723	8572.383887
4	2	1	0.0000061	11825.87028	32.49299	8264.04314
4	2	2	0.0000074	10472.21765	45.627455	6812.511268
4	2	3	0.00000675	17624.42809	44.74791	12927.15367
4	2	4	0.00000625	10036.81823	35.778685	5597.024256
4	2	5	0.00000665	12043.46786	35.816555	8141.345627
4	2	6	0.0000069	10200.54532	37.34595	6019.335177
4	2	7	0.0000066	12414.23728	30.90595	9238.526837
4	2	8	0.00000755	16930.81871	60.619295	11496.72454
4	2	9	0.0000061	12631.08892	17.300015	9791.678081
4	2	10	0.00000495	7569.853793	11.30958	5860.057707
4	2	11	0.0000056	6896.347251	18.896545	4452.510877
4	2	12	0.00000515	6342.831702	13.101935	4364.942031
4	2	13	0.00000585	8816.894825	23.00503	6487.047319
4	2	14	0.00001635	10963.12625	32.240365	8261.809896
4	2	15	0.00001785	9759.596983	45.6396	7095.065307
4	2	16	0.00001835	8805.929684	36.12107	5580.956578
4	2	17	0.0000203	16991.88865	34.35392	15408.43357
4	2	18	0.00001745	11364.51727	35.36069	8203.870962
4	2	19	0.00001715	8690.30122	38.47191	5498.479326
4	2	20	0.0000117	7202.388642	10.991814	5761.407909
4	2	21	0.0000161	10057.5708	31.22196	7502.074546
4	2	22	0.00001825	10336.55475	39.146485	7328.942124
4	2	23	0.0000143	6443.578414	18.48439	4639.095647
4	2	24	0.0000127	6299.535146	12.51607	4781.140487
4	2	25	0.0000141	7679.325108	23.16121	6104.446907
4	3	1	0.00001785	14594.48987	32.74424	8262.100337
4	3	2	0.00001975	13345.56987	45.89855	7175.158852
4	3	3	0.0000202	21391.11311	44.87226	13302.08592
4	3	4	0.0000173	13159.57875	36.40867	5553.177824
4	3	5	0.0000178	14864.07487	36.3422	7993.98669
4	3	6	0.0000188	13434.79928	37.243075	6106.77362
4	3	7	0.00001675	14469.70548	30.934745	8828.596326
4	3	8	0.00002175	20486.77732	60.300235	11679.68314
4	3	9	0.00001535	14316.51995	18.87931	9533.358241
4	3	10	0.0000122	8924.597966	11.44002	5762.773024
4	3	11	0.0000145	9153.888382	18.6804	4858.422644
4	3	12	0.0000139	7946.087775	12.6763	4442.656885
4	3	13	0.0000169	10162.93355	23.14212	6152.643102
4	3	14	0.0000185	18881.59166	32.50619	8262.004587
4	3	15	0.0000202	19887.0754	43.58093	8684.516126
4	3	16	0.00001785	18213.17808	36.13595	5560.951772
4	3	17	0.00001955	24513.66388	34.379965	16266.10744
4	3	18	0.0000171	18946.16786	36.2321	8067.627175
4	3	19	0.0000178	18135.06929	37.937805	5708.711032
4	3	20	0.00001305	10773.49665	11.649075	5754.162408
4	3	21	0.0000161	17620.14216	30.87463	7743.513293
4	3	22	0.00001475	19030.69187	39.35487	7271.323266
4	3	23	0.00001575	12228.90272	18.9072	4705.347918
4	3	24	0.00001375	10563.57909	12.95567	4592.280525
4	3	25	0.0000155	13417.91546	23.421885	5943.955243
5	0	1	0.00000815	11184.19817	35.73003	7479.912184
5	0	2	0.00000665	9793.89719	47.85785	6722.70918
5	0	3	0.0000087	15886.72968	49.396655	11003.19514
5	0	4	0.0000069	9175.515003	39.423945	4646.862756
5	0	5	0.00000765	10936.54893	39.38544	7419.314605
5	0	6	0.0000086	9385.580287	42.03373	5226.403931
5	0	7	0.0000087	11568.30413	30.59198	10151.94105
5	0	8	0.0000092	14330.16198	68.902935	8662.544807
5	0	9	0.0000063	11137.66847	20.959485	7380.279358
5	0	10	0.000005	8147.68242	11.84721	6402.226029
5	0	11	0.0000064	6274.679032	20.975685	3779.613483
5	0	12	0.00000465	5632.885635	14.392095	3522.897675
5	0	13	0.00000575	6606.085377	25.659725	4800.178223
5	0	14	0.0000157	10119.69626	34.755905	7479.116096
5	0	15	0.00001925	8850.674337	48.120455	6722.760702
5	0	16	0.0000195	7906.239569	39.353585	4646.037486
5	0	17	0.0000199	16544.34181	37.56861	14999.64704
5	0	18	0.00001815	10031.96692	40.99475	7418.057095
5	0	19	0.0000184	8199.536701	41.794065	5227.417507
5	0	20	0.0000137	7725.780486	11.97654	6403.586127
5	0	21	0.0000196	9320.922017	33.767345	7103.178481
5	0	22	0.0000182	8465.866215	46.328115	5498.020185
5	0	23	0.00001345	5583.853684	21.29636	3777.580858
5	0	24	0.0000147	5036.994093	14.81449	3522.891292
5	0	25	0.00001835	5949.536527	25.16313	4799.937481
5	1	1	0.0000183	14152.12718	34.852645	7478.190973
5	1	2	0.0000189	12476.81642	48.37935	6722.281499
5	1	3	0.000019	18901.3343	49.9202	11004.90039
5	1	4	0.00001765	12099.55427	39.345335	4646.224426
5	1	5	0.00001735	13565.0414	41.509445	7418.8199
5	1	6	0.0000181	12170.15813	42.54975	5227.047732
5	1	7	0.0000177	13096.01932	30.85859	10153.17667
5	1	8	0.0000241	18143.1396	68.07976	8661.987181
5	1	9	0.0000138	13006.9814	21.25039	7381.384581
5	1	10	0.00001055	9428.672121	11.829945	6403.238694
5	1	11	0.00001255	8170.644062	21.688585	3777.918261
5	1	12	0.00001225	7045.318882	14.176855	3522.564376
5	1	13	0.00001735	8470.024935	25.237105	4801.004404
5	1	14	0.00001935	18981.64989	35.468065	7479.745307
5	1	15	0.00001925	17422.17778	47.887075	6723.50846
5	1	16	0.0000189	17011.43979	39.82191	4645.219968
5	1	17	0.0000196	22039.67006	37.558985	15009.0077
5	1	18	0.00001565	17458.09297	39.953815	7418.161964
5	1	19	0.0000176	16781.99663	42.50595	5226.105739
5	1	20	0.00001255	11277.92781	12.106635	6404.100895
5	1	21	0.0000165	16647.14486	33.497335	7103.098234
5	1	22	0.0000174	16258.86695	45.31782	5496.939583
5	1	23	0.00001505	11135.28385	21.361635	3777.729498
5	1	24	0.0000122	9383.733689	14.163525	3522.159036
5	1	25	0.0000151	12080.00769	24.83677	4801.641822
5	2	1	0.0000078	15421.84306	28.67269	12464.28235
5	2	2	0.00000915	19350.36298	34.254105	16300.39032
5	2	3	0.0000073	23999.34316	35.68342	21046.76599
5	2	4	0.00000715	12147.19193	32.909335	8454.226268
5	2	5	0.00000725	13571.7849	31.752845	9309.650933
5	2	6	0.00000925	13664.25156	33.02516	9938.488054
5	2	7	0.0000077	20282.68498	20.700895	16445.82469
5	2	8	0.0000098	26855.51883	42.252535	23433.20829
5	2	9	0.00000775	18892.51623	15.400665	17707.1283
5	2	10	0.000007	8885.178353	11.007015	7455.051511
5	2	11	0.000007	8098.415654	17.05525	6021.38604
5	2	12	0.00000795	9088.490562	11.89955	6870.434244
5	2	13	0.0000079	13361.22719	19.405675	10943.16932
5	2	14	0.00001735	14758.80057	29.074885	12463.99054
5	2	15	0.00001855	18674.19825	35.093665	16395.82522
5	2	16	0.0000186	11240.07028	33.36419	8455.685764
5	2	17	0.0000212	25323.94175	29.16205	21105.78872
5	2	18	0.0000176	12526.73382	31.94238	9307.289112
5	2	19	0.0000177	12816.25296	33.44464	9938.205365
5	2	20	0.0000146	8601.300692	10.97867	7454.3074
5	2	21	0.00001715	13857.31447	28.819865	11421.88946
5	2	22	0.00001655	14512.66964	33.22706	11158.7744
5	2	23	0.0000154	7577.355539	16.974545	6021.405646
5	2	24	0.00001515	8630.356105	11.793495	6870.996431
5	2	25	0.00001645	12811.76185	19.7716	10942.9459
5	3	1	0.00001575	17883.96394	29.01233	12462.37648
5	3	2	0.00002075	21671.91903	34.20091	16329.30211
5	3	3	0.000022	26069.38808	35.356235	21042.80378
5	3	4	0.0000151	14891.64617	32.99969	8459.491123
5	3	5	0.0000151	17087.02262	32.04468	9305.629454
5	3	6	0.0000199	16250.47747	33.637405	9933.518199
5	3	7	0.0000188	22871.96575	21.424285	16447.25182
5	3	8	0.0000251	28642.73341	41.673355	23455.01638
5	3	9	0.00001665	19721.57011	15.517765	17704.91694
5	3	10	0.00001385	10068.3107	10.515595	7456.838835
5	3	11	0.00001325	10009.14207	17.717975	6020.004967
5	3	12	0.00001305	10458.65405	11.813685	6872.974798
5	3	13	0.0000186	15024.1042	19.342335	10945.29861
5	3	14	0.00001675	21806.63858	29.04732	12466.86303
5	3	15	0.0000189	25796.7163	34.332985	16333.03178
5	3	16	0.0000155	19466.34298	33.12642	8457.378706
5	3	17	0.00002015	31525.52743	29.19846	21103.24451
5	3	18	0.0000187	21960.90014	31.60011	9308.178215
5	3	19	0.00001795	20735.7397	33.11414	9934.781181
5	3	20	0.00001195	11948.4798	10.65286	7454.715931
5	3	21	0.0000188	20651.69443	28.44004	11420.43498
5	3	22	0.00001885	23201.24373	33.684145	11160.56628
5	3	23	0.00001385	13024.93215	16.985	6021.019912
5	3	24	0.00001065	12479.99895	12.224225	6871.175619
5	3	25	0.0000165	17515.2007	19.734895	10941.8881
6	0	1	0.0000082	12132.20029	36.123135	8222.776473
6	0	2	0.0000088	11602.83322	50.33219	7544.307371
6	0	3	0.00000715	18727.43953	46.252325	12867.675
6	0	4	0.00000925	10700.57656	38.383025	5398.88708
6	0	5	0.0000094	11068.48262	40.10269	7277.447131
6	0	6	0.00000885	11119.48974	42.752135	6039.448499
6	0	7	0.00000815	12096.3307	34.079085	9332.548742
6	0	8	0.00000825	19934.18871	69.6305	12293.99415
6	0	9	0.00000555	13297.28476	21.936615	9450.626114
6	0	10	0.00000535	8391.720538	11.50844	6489.202139
6	0	11	0.00000565	7317.324974	21.53342	4417.030671
6	0	12	0.0000069	6610.414622	14.827695	4116.192582
6	0	13	0.00000625	7913.139916	26.503075	5206.500801
6	0	14	0.00001825	11234.81318	34.98029	8222.65519
6	0	15	0.0000197	10495.38994	49.81907	7545.944231
6	0	16	0.00001695	9280.561323	39.301175	5400.538075
6	0	17	0.00001855	18336.58095	33.57018	16690.79751
6	0	18	0.00001705	10106.09983	39.46424	7279.446016
6	0	19	0.00001815	9768.519013	42.411015	6041.20573
6	0	20	0.00001005	7988.470607	11.388835	6490.08805
6	0	21	0.00001855	10285.07389	33.44189	7804.772912
6	0	22	0.0000168	9676.088829	46.11264	6086.000538
6	0	23	0.0000137	6529.039402	21.67057	4416.509521
6	0	24	0.0000126	5934.444126	14.717765	4118.343298
6	0	25	0.00001755	7091.323781	26.63835	5206.439704
6	1	1	0.00001565	14807.0264	35.391935	8224.00389
6	1	2	0.00002125	14653.50348	50.06738	7545.70349
6	1	3	0.0000218	22342.27496	46.733015	12863.45746
6	1	4	0.0000205	14098.44819	38.363315	5400.764682
6	1	5	0.0000163	13879.09064	40.042695	7277.258368
6	1	6	0.00002095	14490.43296	42.373445	6039.558839
6	1	7	0.00001835	14387.10101	33.887165	9332.886145
6	1	8	0.0000246	24646.17207	69.29603	12293.50172
6	1	9	0.0000145	15433.06855	22.20845	9447.119858
6	1	10	0.00001085	9696.173427	11.57875	6489.802169
6	1	11	0.00001385	9529.546499	20.874105	4417.041614
6	1	12	0.00001255	8401.170558	14.340285	4116.442898
6	1	13	0.0000159	10194.35808	26.16793	5204.542496
6	1	14	0.00001875	18788.30429	35.626395	8221.655292
6	1	15	0.000021	19312.7243	49.761725	7544.401296
6	1	16	0.00001695	19601.75557	38.735895	5401.828413
6	1	17	0.00002215	24117.72602	32.55491	16715.82916
6	1	18	0.0000165	17744.88096	39.830785	7278.252339
6	1	19	0.0000196	19998.41839	43.153215	6041.04478
6	1	20	0.00001175	11516.45349	11.70092	6488.973252
6	1	21	0.00002	17734.17069	33.52347	7803.847333
6	1	22	0.00002	18940.37274	45.79338	6084.988329
6	1	23	0.0000146	12942.56934	21.15507	4416.33626
6	1	24	0.00001435	11267.88779	15.045725	4115.644074
6	1	25	0.0000191	13810.64343	26.631885	5205.448925
6	2	1	0.00000585	12552.62267	30.93123	10192.37925
6	2	2	0.00000735	15269.32323	38.367975	11906.76493
6	2	3	0.00000935	22358.49766	34.158655	19681.09087
6	2	4	0.0000102	10885.93392	34.67601	7004.940862
6	2	5	0.00000645	13010.16393	33.27597	8935.456872
6	2	6	0.00000895	11559.54077	35.349385	7650.012083
6	2	7	0.0000063	16638.51372	26.77841	13212.05403
6	2	8	0.00001	25000.90573	41.78083	21494.29003
6	2	9	0.0000063	19615.59821	12.828985	18199.50414
6	2	10	0.00000425	8933.565591	10.4996775	7656.735522
6	2	11	0.00000735	8079.353753	17.64503	5961.698993
6	2	12	0.0000068	6943.171036	11.940225	5379.427134
6	2	13	0.0000053	10308.94287	20.925965	7943.998156
6	2	14	0.00001665	12042.89336	30.30848	10192.30174
6	2	15	0.00002195	14371.88596	37.726475	11907.89569
6	2	16	0.00001675	9957.5878	34.11527	7006.826215
6	2	17	0.00002185	23603.02231	32.382775	21896.87108
6	2	18	0.0000182	12127.7183	34.00487	8935.036942
6	2	19	0.0000176	10645.41573	36.137565	7651.193449
6	2	20	0.0000142	8712.504617	10.431505	7653.997998
6	2	21	0.00001895	13168.0047	28.932545	11143.75996
6	2	22	0.00001965	12384.97441	35.19872	9725.281275
6	2	23	0.0000133	7628.552796	17.520805	5963.735266
6	2	24	0.00001265	6559.935942	12.283125	5378.04287
6	2	25	0.00001855	9657.144107	20.46616	7944.703511
6	3	1	0.00001795	14592.57488	30.708935	10193.02214
6	3	2	0.0000215	17786.70525	39.189445	11910.40797
6	3	3	0.00001885	24044.13569	35.18042	19669.05835
6	3	4	0.0000199	13719.42607	34.697355	7004.525492
6	3	5	0.00001575	15907.23831	33.66911	8933.858767
6	3	6	0.00001655	14332.3551	35.47049	7649.739425
6	3	7	0.00001905	19114.94231	26.37626	13211.25156
6	3	8	0.0000221	26865.73211	40.784825	21509.27255
6	3	9	0.0000128	20500.7613	12.734575	18209.41194
6	3	10	0.0000131	9945.122127	10.805015	7655.204442
6	3	11	0.0000126	9696.87103	17.89048	5962.980213
6	3	12	0.0000152	8217.678496	11.784315	5378.579067
6	3	13	0.0000161	12137.02424	20.50316	7943.875506
6	3	14	0.0000207	18022.71865	30.831905	10191.27129
6	3	15	0.00002295	21746.33463	38.51751	11910.17544
6	3	16	0.00001865	18619.30643	34.21711	7006.176943
6	3	17	0.00002145	29282.2352	31.774125	21899.75725
6	3	18	0.0000209	20585.32635	34.006405	8935.993069
6	3	19	0.00002175	19129.24091	35.278075	7650.987816
6	3	20	0.00001435	11616.22903	10.236582	7657.637847
6	3	21	0.0000172	19283.63925	28.945195	11143.19458
6	3	22	0.0000187	19274.16461	35.02691	9725.769141
6	3	23	0.0000148	12558.00288	17.684875	5962.703451
6	3	24	0.00001285	10468.53449	11.892155	5379.174538
6	3	25	0.00001535	15286.74052	20.636625	7943.861827
7	0	1	0.00000755	9217.731413	37.07382	5711.764985
7	0	2	0.00000825	8614.270189	50.206785	6116.086399
7	0	3	0.0000079	17826.7103	37.18731	14447.13595
7	0	4	0.000008	9751.160997	38.68365	4883.09957
7	0	5	0.00000745	10398.52793	39.227805	7583.609349
7	0	6	0.0000077	9365.910604	41.896465	4715.631414
7	0	7	0.00000745	12280.40684	30.262185	10422.91213
7	0	8	0.00001145	15210.92059	66.42025	9395.287462
7	0	9	0.000008	10734.07065	22.01931	7064.263605
7	0	10	0.00000675	7729.560768	11.232685	6059.470176
7	0	11	0.0000066	6504.367948	20.877235	4100.41352
7	0	12	0.0000058	5277.624898	14.43659	2971.711575
7	0	13	0.0000075	7014.454259	25.587015	5179.989588
7	0	14	0.00001765	8314.039881	36.835505	5713.441969
7	0	15	0.000022	7923.256535	50.194255	6115.725743
7	0	16	0.0000195	8393.90773	38.178755	4882.62219
7	0	17	0.00002285	19304.0111	33.876805	17399.30277
7	0	18	0.00001695	9561.193989	39.39894	7583.940824
7	0	19	0.00001995	8041.263234	41.546265	4715.94146
7	0	20	0.0000115	7342.868205	11.41591	6058.174366
7	0	21	0.00001785	7989.883596	34.613135	5417.520844
7	0	22	0.00001845	8941.1795	44.23279	6177.183699
7	0	23	0.0000135	5795.809793	20.372545	4100.365645
7	0	24	0.0000125	4607.346481	14.5801	2972.020709
7	0	25	0.00001645	6405.62012	25.2019	5180.48475
7	1	1	0.0000179	12054.53833	37.2716	5713.996405
7	1	2	0.00002065	10879.99289	49.1146	6117.231745
7	1	3	0.00002005	20270.91691	37.016115	14441.48673
7	1	4	0.00001715	13035.73361	38.403825	4881.031381
7	1	5	0.0000188	13043.83128	38.842225	7583.484874
7	1	6	0.00001955	12679.41324	41.79417	4716.691954
7	1	7	0.00001735	14019.54148	30.85699	10419.86183
7	1	8	0.00002445	19623.5591	66.512445	9395.775329
7	1	9	0.00001395	12841.9503	21.529535	7064.278195
7	1	10	0.00001165	9039.71531	11.24672	6058.723329
7	1	11	0.0000166	8593.947586	20.608035	4101.67559
7	1	12	0.00001385	7013.650419	14.628895	2971.308515
7	1	13	0.00001735	8864.697535	25.86284	5179.768453
7	1	14	0.0000178	16424.3996	36.7478	5714.050663
7	1	15	0.0000202	14765.73557	51.75599	6115.408401
7	1	16	0.00001905	18572.48036	38.15204	4881.847075
7	1	17	0.0000208	22690.93081	33.51612	17436.63596
7	1	18	0.0000202	17085.31736	39.29081	7581.826584
7	1	19	0.0000197	18340.47932	42.06335	4714.941106
7	1	20	0.00001125	11033.13737	11.12305	6059.472911
7	1	21	0.00001805	16570.21697	34.80777	5418.298239
7	1	22	0.0000187	17415.21999	44.078985	6176.739148
7	1	23	0.0000154	12032.14662	20.722445	4100.851232
7	1	24	0.00001285	9955.431156	14.356685	2971.547889
7	1	25	0.0000187	12176.40464	25.495345	5178.425224
7	2	1	0.00001645	12005.34588	31.677665	9494.24685
7	2	2	0.0000169	10357.53346	43.83883	7654.841049
7	2	3	0.00001675	22992.35935	31.94485	21509.42301
7	2	4	0.00001535	11069.50395	33.911785	7276.330053
7	2	5	0.00001475	11943.55554	35.3974	9542.645943
7	2	6	0.00001585	12561.83286	33.771745	8939.967129
7	2	7	0.00001525	14242.27762	30.009395	9943.261851
7	2	8	0.0000203	24354.45982	43.707215	21384.77996
7	2	9	0.00001205	19483.50038	15.40686	18257.4873
7	2	10	0.00001345	9027.765317	10.612355	7673.798083
7	2	11	0.0000115	7533.518682	17.937755	5401.817926
7	2	12	0.00001165	8515.259279	12.13776	6319.342982
7	2	13	0.00001475	9629.746071	21.61315	7265.878767
7	2	14	0.0000245	11396.66631	32.31626	9491.780161
7	2	15	0.0000289	9596.393329	44.806405	7652.983509
7	2	16	0.0000248	10114.73553	34.695555	7276.662441
7	2	17	0.00002745	15453.34465	37.644235	13452.20746
7	2	18	0.000025	11334.88508	35.245535	9541.401199
7	2	19	0.0000275	11661.76932	34.135475	8937.479466
7	2	20	0.00001665	8779.710735	10.2598045	7674.459666
7	2	21	0.00002735	12716.21753	29.891825	10615.14065
7	2	22	0.0000236	11237.38474	39.931705	7704.452513
7	2	23	0.00001975	6987.72191	18.35818	5401.522927
7	2	24	0.00001875	8026.915855	12.04709	6319.284164
7	2	25	0.0000251	9036.510438	21.202315	7264.933583
7	3	1	0.00002745	14365.45707	32.22156	9491.688971
7	3	2	0.00003055	13048.54124	43.64144	7655.870129
7	3	3	0.00002605	24111.9309	32.64221	21515.69688
7	3	4	0.0000265	13860.04561	34.80572	7277.534673
7	3	5	0.0000248	14360.45074	34.92622	9541.387521
7	3	6	0.0000259	15302.12427	33.9672	8938.385894
7	3	7	0.00002365	17273.64751	30.029325	9941.273909
7	3	8	0.0000345	26395.79357	43.457065	21362.61167
7	3	9	0.00002275	20297.50335	15.866075	18264.88737
7	3	10	0.00002115	10154.22992	10.4717645	7672.960502
7	3	11	0.00002	9458.833214	18.35572	5401.728104
7	3	12	0.0000199	9941.073291	12.320195	6318.55282
7	3	13	0.0000245	11550.47192	21.94956	7265.753837
7	3	14	0.0000242	18084.70961	32.317005	9492.053731
7	3	15	0.00002975	17892.16648	43.944185	7653.285804
7	3	16	0.0000265	18405.52971	34.00566	7276.402549
7	3	17	0.00003025	23627.99013	36.88817	13449.34865
7	3	18	0.0000234	17956.46455	35.48538	9543.443855
7	3	19	0.0000289	20108.62151	33.970365	8934.141
7	3	20	0.00002075	11930.62479	10.4217365	7677.211324
7	3	21	0.00002595	18841.54102	29.103305	10614.35186
7	3	22	0.0000264	19791.51284	40.13653	7703.845188
7	3	23	0.00002195	12388.85454	18.10115	5402.427532
7	3	24	0.0000189	12113.31484	12.250865	6320.967076
7	3	25	0.00002415	14497.5777	21.00108	7265.636202
8	0	1	0.0000146	10623.52101	33.156275	7764.399451
8	0	2	0.00001755	10624.7612	45.76124	6559.57255
8	0	3	0.0000162	17238.04238	47.77793	13415.85456
8	0	4	0.00001465	10434.41119	35.90961	5142.154857
8	0	5	0.0000144	11906.09012	36.45001	8276.856246
8	0	6	0.00001755	11154.95354	37.979825	6177.296319
8	0	7	0.00001485	10943.86692	33.67865	7027.978192
8	0	8	0.0000177	16394.79021	60.65113	11572.33472
8	0	9	0.00001325	10871.60797	18.63945	7912.846284
8	0	10	0.0000112	6038.202388	12.59452	4548.862687
8	0	11	0.0000119	6561.329325	20.28888	4539.608725
8	0	12	0.00001225	7026.177189	13.957675	5214.39284
8	0	13	0.0000138	10742.182	20.669985	7698.899954
8	0	14	0.0000247	9884.184409	33.313065	7766.044063
8	0	15	0.00002705	9494.876061	44.7439	6563.197352
8	0	16	0.0000269	8997.348892	35.739055	5142.421588
8	0	17	0.00002875	12872.1661	40.15254	10890.55269
8	0	18	0.00002445	11056.63704	36.878325	8277.077382
8	0	19	0.00002825	9917.692175	38.3817	6177.892245
8	0	20	0.0000155	5665.077073	12.747975	4549.527006
8	0	21	0.0000228	12013.84023	30.28654	9167.029773
8	0	22	0.0000241	9663.276634	45.45054	6465.082384
8	0	23	0.0000212	6023.10406	19.895685	4539.107636
8	0	24	0.00001955	6549.326897	14.003125	5214.747113
8	0	25	0.0000237	10050.08182	20.910675	7698.492335
8	1	1	0.0000244	13159.00425	33.854625	7764.513895
8	1	2	0.00003105	13912.24277	44.525655	6560.511807
8	1	3	0.00002695	20156.00839	45.958965	13417.54614
8	1	4	0.000023	14050.42753	35.74099	5143.271023
8	1	5	0.00002465	14758.10753	36.685075	8275.064819
8	1	6	0.00002725	14558.93033	38.73803	6177.454533
8	1	7	0.00002465	13753.636	33.204985	7026.264732
8	1	8	0.0000345	20388.55657	61.27719	11574.195
8	1	9	0.00001815	12761.65294	19.014685	7913.042343
8	1	10	0.0000184	7417.3946	12.29705	4547.53496
8	1	11	0.0000214	8432.625637	19.918715	4538.459731
8	1	12	0.00001705	8433.83892	14.146325	5212.971188
8	1	13	0.00002585	12762.41894	21.30413	7698.149004
8	1	14	0.00002635	17520.78609	33.069605	7763.814923
8	1	15	0.0000311	19520.09492	44.998355	6560.06224
8	1	16	0.0000264	19724.88031	35.71231	5142.307145
8	1	17	0.00002735	21393.94912	40.16378	10890.98128
8	1	18	0.0000247	19161.48569	36.6251	8275.525328
8	1	19	0.0000285	19838.88149	39.107435	6177.373374
8	1	20	0.000017	9491.657054	12.41249	4549.607709
8	1	21	0.00002385	19658.5943	29.933445	9166.446157
8	1	22	0.00002755	18962.22186	46.03957	6465.323581
8	1	23	0.00002045	11769.64709	20.45982	4539.508872
8	1	24	0.00002025	10863.01331	13.965555	5215.154276
8	1	25	0.00002655	15648.63259	20.64761	7698.234267
8	2	1	0.0000073	8836.943859	37.35507	5675.767733
8	2	2	0.0000081	8112.309363	49.30948	6175.690463
8	2	3	0.00000865	16738.42605	50.79031	12306.77443
8	2	4	0.0000071	8846.013616	38.85204	4458.62699
8	2	5	0.00000685	10249.48699	39.194235	7521.426432
8	2	6	0.0000075	8636.540611	41.398085	4531.486888
8	2	7	0.00000785	13224.91638	23.618675	12238.12659
8	2	8	0.00000935	12847.63143	68.41626	7560.803642
8	2	9	0.00000625	9900.22929	21.62905	6517.822576
8	2	10	0.0000058	5963.501364	11.60015	4619.762
8	2	11	0.0000059	6062.903935	20.73746	3757.683656
8	2	12	0.00000525	5491.797835	14.22822	3366.296176
8	2	13	0.000006	7712.721166	23.01245	6438.101542
8	2	14	0.0000178	8082.044314	36.804005	5676.791797
8	2	15	0.00002095	7654.907618	49.35837	6175.605656
8	2	16	0.00001915	7671.516509	38.784255	4457.956743
8	2	17	0.00001815	23094.84779	31.111905	20666.50825
8	2	18	0.0000158	9579.568774	38.661155	7521.407282
8	2	19	0.00001765	7525.799904	42.318445	4531.628688
8	2	20	0.00001085	5656.248969	11.38772	4617.264761
8	2	21	0.00001845	8442.289497	33.15524	6377.509891
8	2	22	0.0000182	8464.843976	46.389165	5497.198563
8	2	23	0.0000156	5462.788928	20.63247	3758.145533
8	2	24	0.0000139	4898.384838	13.749025	3365.901779
8	2	25	0.00001605	7300.288402	23.501755	6435.20626
8	3	1	0.0000192	11472.66861	37.131535	5674.553994
8	3	2	0.0000212	10112.28708	49.392825	6175.452457
8	3	3	0.0000202	19721.96679	50.586445	12306.95681
8	3	4	0.0000173	11758.71797	38.498325	4457.543653
8	3	5	0.0000161	12542.92005	40.25435	7520.416503
8	3	6	0.0000192	11459.49622	42.724845	4533.762078
8	3	7	0.00001625	14396.66685	23.32135	12241.39575
8	3	8	0.000023	16694.35848	68.15256	7561.843664
8	3	9	0.0000153	11738.89326	21.374335	6517.47879
8	3	10	0.000012	7282.919443	11.62858	4620.130863
8	3	11	0.0000148	7925.774291	21.12968	3757.55599
8	3	12	0.00001355	6925.758761	14.44622	3365.8612
8	3	13	0.0000153	9084.486865	23.23681	6436.181993
8	3	14	0.00001925	15431.44537	37.254735	5676.607593
8	3	15	0.0000193	13607.45843	48.70119	6175.27646
8	3	16	0.0000178	16531.39283	38.636715	4458.876395
8	3	17	0.00001945	25123.51981	30.617005	20680.17763
8	3	18	0.0000195	16105.23004	39.19908	7521.222166
8	3	19	0.00001785	16023.0405	42.32193	4533.315247
8	3	20	0.0000129	9272.728102	11.689145	4620.41492
8	3	21	0.0000174	15415.66494	32.69285	6380.481773
8	3	22	0.0000178	16258.79856	46.117255	5496.762675
8	3	23	0.00001275	10780.48636	20.57289	3758.450564
8	3	24	0.0000124	9276.48969	14.29824	3367.110047
8	3	25	0.00001905	11908.648	22.864595	6436.841297
